2026-04-24T21:12:24.5916474Z ##[group]Run actions/upload-artifact@043fb46d1a93c77aae656e7c1c64a875d1fc6a0a
2026-04-24T21:12:24.5917819Z with:
2026-04-24T21:12:24.5918813Z   name: activation
2026-04-24T21:12:24.5920103Z   path: /tmp/gh-aw/aw_info.json
/tmp/gh-aw/aw-prompts/prompt.txt
/tmp/gh-aw/github_rate_limits.jsonl

2026-04-24T21:12:24.5922140Z   if-no-files-found: ignore
2026-04-24T21:12:24.5922906Z   retention-days: 1
2026-04-24T21:12:24.5923568Z   compression-level: 6
2026-04-24T21:12:24.5924247Z   overwrite: false
2026-04-24T21:12:24.5924908Z   include-hidden-files: false
2026-04-24T21:12:24.5925654Z   archive: true
2026-04-24T21:12:24.5926244Z env:
2026-04-24T21:12:24.5940012Z   GH_AW_MODEL_MULTIPLIERS: {
  "version": "1",
  "description": "Effective Tokens (ET) computation data per the gh-aw Effective Tokens Specification v0.2.0. Token class weights are applied first to normalize across token classes, then the per-model multiplier scales the result relative to the reference model.",
  "reference_model": "claude-sonnet-4.5",
  "token_class_weights": {
    "input": 1.0,
    "cached_input": 0.1,
    "output": 4.0,
    "reasoning": 4.0,
    "cache_write": 1.0
  },
  "multipliers": {
    "claude-haiku-4.5": 0.1,
    "claude-3-5-haiku": 0.1,
    "claude-3-haiku": 0.1,
    "claude-sonnet-4.5": 1.0,
    "claude-sonnet-4.6": 1.0,
    "claude-3-5-sonnet": 1.0,
    "claude-3-7-sonnet": 1.0,
    "claude-3-sonnet": 1.0,
    "claude-opus-4.5": 5.0,
    "claude-opus-4.6": 5.0,
    "claude-3-5-opus": 5.0,
    "claude-3-opus": 5.0,
    "gpt-4o": 1.0,
    "gpt-4o-mini": 0.1,
    "gpt-4.1": 1.0,
    "gpt-4.1-2025-04-14": 1.0,
    "gpt-41-copilot": 1.0,
    "gpt-4.1-mini": 0.1,
    "gpt-4.1-nano": 0.05,
    "gpt-4-turbo": 1.0,
    "gpt-4": 1.0,
    "gpt-5": 1.0,
    "gpt-5-mini": 0,
    "gpt-5.1": 1.0,
    "gpt-5.1-codex": 1.0,
    "gpt-5.1-codex-mini": 0.33,
    "gpt-5.1-codex-max": 1.0,
    "gpt-5.2": 1.0,
    "gpt-5.2-codex": 1.0,
    "gpt-5.3-codex": 1.0,
    "gpt-5.4": 1.0,
    "gpt-5.4-mini": 0.33,
    "o1": 3.0,
    "o1-mini": 0.5,
    "o1-pro": 10.0,
    "o3": 3.0,
    "o3-mini": 0.5,
    "o4-mini": 0.5,
    "gemini-2.5-pro": 1.0,
    "gemini-2.5-flash": 0.2,
    "gemini-2.0-flash": 0.1,
    "gemini-1.5-pro": 1.0,
    "gemini-1.5-flash": 0.1
  }
}
2026-04-24T21:12:24.5954943Z   GITHUB_AW_OTEL_TRACE_ID: b1b41ae53d3acfe02d2e47bc77e5def9
2026-04-24T21:12:24.5956057Z   GITHUB_AW_OTEL_PARENT_SPAN_ID: b9f165c0fa8becda
2026-04-24T21:12:24.5957239Z   GITHUB_AW_OTEL_JOB_START_MS: 1777065137174
2026-04-24T21:12:24.5958254Z ##[endgroup]
2026-04-24T21:12:24.8812870Z Multiple search paths detected. Calculating the least common ancestor of all paths
2026-04-24T21:12:24.8828263Z The least common ancestor is /tmp/gh-aw. This will be the root directory of the artifact
2026-04-24T21:12:24.8831174Z With the provided path, there will be 3 files uploaded
2026-04-24T21:12:24.8839316Z Artifact name is valid!
2026-04-24T21:12:24.8841938Z Root directory input is valid!
2026-04-24T21:12:25.0513063Z Uploading artifact: activation.zip
2026-04-24T21:12:25.0651045Z Beginning upload of artifact content to blob storage
2026-04-24T21:12:25.2760597Z Uploaded bytes 10780
2026-04-24T21:12:25.3150404Z Finished uploading artifact content to blob storage!
2026-04-24T21:12:25.3161479Z SHA256 digest of uploaded artifact is dc60838da42e737ae903b05794a3740dc993cb8e979e96b03f667fcebd68e828
2026-04-24T21:12:25.3195171Z Finalizing artifact upload
2026-04-24T21:12:25.5030377Z Artifact activation successfully finalized. Artifact ID 6633833096
2026-04-24T21:12:25.5035084Z Artifact activation has been successfully uploaded! Final size is 10780 bytes. Artifact ID is 6633833096
2026-04-24T21:12:25.5043737Z Artifact download URL: https://github.com/Azure/azure-sdk-for-net/actions/runs/24912107694/artifacts/6633833096
