2026-04-24T23:12:50.1836344Z ##[group]Run actions/upload-artifact@043fb46d1a93c77aae656e7c1c64a875d1fc6a0a
2026-04-24T23:12:50.1837269Z with:
2026-04-24T23:12:50.1837637Z   name: activation
2026-04-24T23:12:50.1838465Z   path: /tmp/gh-aw/aw_info.json
/tmp/gh-aw/aw-prompts/prompt.txt
/tmp/gh-aw/github_rate_limits.jsonl

2026-04-24T23:12:50.1839469Z   if-no-files-found: ignore
2026-04-24T23:12:50.1840129Z   retention-days: 1
2026-04-24T23:12:50.1840548Z   compression-level: 6
2026-04-24T23:12:50.1840979Z   overwrite: false
2026-04-24T23:12:50.1842766Z   include-hidden-files: false
2026-04-24T23:12:50.1843278Z   archive: true
2026-04-24T23:12:50.1843652Z env:
2026-04-24T23:12:50.1852795Z   GH_AW_MODEL_MULTIPLIERS: {
  "version": "1",
  "description": "Effective Tokens (ET) computation data per the gh-aw Effective Tokens Specification v0.2.0. Token class weights are applied first to normalize across token classes, then the per-model multiplier scales the result relative to the reference model.",
  "reference_model": "claude-sonnet-4.5",
  "token_class_weights": {
    "input": 1.0,
    "cached_input": 0.1,
    "output": 4.0,
    "reasoning": 4.0,
    "cache_write": 1.0
  },
  "multipliers": {
    "claude-haiku-4.5": 0.1,
    "claude-3-5-haiku": 0.1,
    "claude-3-haiku": 0.1,
    "claude-sonnet-4.5": 1.0,
    "claude-sonnet-4.6": 1.0,
    "claude-3-5-sonnet": 1.0,
    "claude-3-7-sonnet": 1.0,
    "claude-3-sonnet": 1.0,
    "claude-opus-4.5": 5.0,
    "claude-opus-4.6": 5.0,
    "claude-3-5-opus": 5.0,
    "claude-3-opus": 5.0,
    "gpt-4o": 1.0,
    "gpt-4o-mini": 0.1,
    "gpt-4.1": 1.0,
    "gpt-4.1-2025-04-14": 1.0,
    "gpt-41-copilot": 1.0,
    "gpt-4.1-mini": 0.1,
    "gpt-4.1-nano": 0.05,
    "gpt-4-turbo": 1.0,
    "gpt-4": 1.0,
    "gpt-5": 1.0,
    "gpt-5-mini": 0,
    "gpt-5.1": 1.0,
    "gpt-5.1-codex": 1.0,
    "gpt-5.1-codex-mini": 0.33,
    "gpt-5.1-codex-max": 1.0,
    "gpt-5.2": 1.0,
    "gpt-5.2-codex": 1.0,
    "gpt-5.3-codex": 1.0,
    "gpt-5.4": 1.0,
    "gpt-5.4-mini": 0.33,
    "o1": 3.0,
    "o1-mini": 0.5,
    "o1-pro": 10.0,
    "o3": 3.0,
    "o3-mini": 0.5,
    "o4-mini": 0.5,
    "gemini-2.5-pro": 1.0,
    "gemini-2.5-flash": 0.2,
    "gemini-2.0-flash": 0.1,
    "gemini-1.5-pro": 1.0,
    "gemini-1.5-flash": 0.1
  }
}
2026-04-24T23:12:50.1862905Z   GITHUB_AW_OTEL_TRACE_ID: 08e457404d61d3abfe031ef4fbbacb93
2026-04-24T23:12:50.1863641Z   GITHUB_AW_OTEL_PARENT_SPAN_ID: 7ad09ac85ea60044
2026-04-24T23:12:50.1864279Z   GITHUB_AW_OTEL_JOB_START_MS: 1777072362379
2026-04-24T23:12:50.1864826Z ##[endgroup]
2026-04-24T23:12:50.5102835Z Multiple search paths detected. Calculating the least common ancestor of all paths
2026-04-24T23:12:50.5109256Z The least common ancestor is /tmp/gh-aw. This will be the root directory of the artifact
2026-04-24T23:12:50.5110831Z With the provided path, there will be 3 files uploaded
2026-04-24T23:12:50.5117190Z Artifact name is valid!
2026-04-24T23:12:50.5119729Z Root directory input is valid!
2026-04-24T23:12:50.7620687Z Uploading artifact: activation.zip
2026-04-24T23:12:50.7698584Z Beginning upload of artifact content to blob storage
2026-04-24T23:12:51.0739597Z Uploaded bytes 9916
2026-04-24T23:12:51.1422716Z Finished uploading artifact content to blob storage!
2026-04-24T23:12:51.1429136Z SHA256 digest of uploaded artifact is fbc790ccbb51380ac1908f21e35487d6ae5023e3700e21e7839d9139fa4b4f6a
2026-04-24T23:12:51.1433555Z Finalizing artifact upload
2026-04-24T23:12:51.4318403Z Artifact activation successfully finalized. Artifact ID 6635277768
2026-04-24T23:12:51.4320038Z Artifact activation has been successfully uploaded! Final size is 9916 bytes. Artifact ID is 6635277768
2026-04-24T23:12:51.4321819Z Artifact download URL: https://github.com/Azure/azure-sdk-for-js/actions/runs/24916026808/artifacts/6635277768
