2026-04-24T23:15:10.6324191Z ##[group]Run actions/upload-artifact@043fb46d1a93c77aae656e7c1c64a875d1fc6a0a
2026-04-24T23:15:10.6324847Z with:
2026-04-24T23:15:10.6325137Z   name: detection
2026-04-24T23:15:10.6325529Z   path: /tmp/gh-aw/threat-detection/detection.log
2026-04-24T23:15:10.6326030Z   if-no-files-found: ignore
2026-04-24T23:15:10.6326415Z   compression-level: 6
2026-04-24T23:15:10.6326767Z   overwrite: false
2026-04-24T23:15:10.6327106Z   include-hidden-files: false
2026-04-24T23:15:10.6327468Z   archive: true
2026-04-24T23:15:10.6327745Z env:
2026-04-24T23:15:10.6335315Z   GH_AW_MODEL_MULTIPLIERS: {
  "version": "1",
  "description": "Effective Tokens (ET) computation data per the gh-aw Effective Tokens Specification v0.2.0. Token class weights are applied first to normalize across token classes, then the per-model multiplier scales the result relative to the reference model.",
  "reference_model": "claude-sonnet-4.5",
  "token_class_weights": {
    "input": 1.0,
    "cached_input": 0.1,
    "output": 4.0,
    "reasoning": 4.0,
    "cache_write": 1.0
  },
  "multipliers": {
    "claude-haiku-4.5": 0.1,
    "claude-3-5-haiku": 0.1,
    "claude-3-haiku": 0.1,
    "claude-sonnet-4.5": 1.0,
    "claude-sonnet-4.6": 1.0,
    "claude-3-5-sonnet": 1.0,
    "claude-3-7-sonnet": 1.0,
    "claude-3-sonnet": 1.0,
    "claude-opus-4.5": 5.0,
    "claude-opus-4.6": 5.0,
    "claude-3-5-opus": 5.0,
    "claude-3-opus": 5.0,
    "gpt-4o": 1.0,
    "gpt-4o-mini": 0.1,
    "gpt-4.1": 1.0,
    "gpt-4.1-2025-04-14": 1.0,
    "gpt-41-copilot": 1.0,
    "gpt-4.1-mini": 0.1,
    "gpt-4.1-nano": 0.05,
    "gpt-4-turbo": 1.0,
    "gpt-4": 1.0,
    "gpt-5": 1.0,
    "gpt-5-mini": 0,
    "gpt-5.1": 1.0,
    "gpt-5.1-codex": 1.0,
    "gpt-5.1-codex-mini": 0.33,
    "gpt-5.1-codex-max": 1.0,
    "gpt-5.2": 1.0,
    "gpt-5.2-codex": 1.0,
    "gpt-5.3-codex": 1.0,
    "gpt-5.4": 1.0,
    "gpt-5.4-mini": 0.33,
    "o1": 3.0,
    "o1-mini": 0.5,
    "o1-pro": 10.0,
    "o3": 3.0,
    "o3-mini": 0.5,
    "o4-mini": 0.5,
    "gemini-2.5-pro": 1.0,
    "gemini-2.5-flash": 0.2,
    "gemini-2.0-flash": 0.1,
    "gemini-1.5-pro": 1.0,
    "gemini-1.5-flash": 0.1
  }
}
2026-04-24T23:15:10.6343351Z   GITHUB_AW_OTEL_TRACE_ID: 08e457404d61d3abfe031ef4fbbacb93
2026-04-24T23:15:10.6343933Z   GITHUB_AW_OTEL_PARENT_SPAN_ID: 9d6e419e8a310a9a
2026-04-24T23:15:10.6344419Z   GITHUB_AW_OTEL_JOB_START_MS: 1777072480018
2026-04-24T23:15:10.6344919Z   GH_AW_PROMPT: /tmp/gh-aw/aw-prompts/prompt.txt
2026-04-24T23:15:10.6345371Z ##[endgroup]
2026-04-24T23:15:10.7680143Z With the provided path, there will be 1 file uploaded
2026-04-24T23:15:10.7685242Z Artifact name is valid!
2026-04-24T23:15:10.7685766Z Root directory input is valid!
2026-04-24T23:15:10.9023633Z Uploading artifact: detection.zip
2026-04-24T23:15:10.9065130Z Beginning upload of artifact content to blob storage
2026-04-24T23:15:11.0325145Z Uploaded bytes 3074
2026-04-24T23:15:11.0620510Z Finished uploading artifact content to blob storage!
2026-04-24T23:15:11.0621835Z SHA256 digest of uploaded artifact is 6cfd7a39008f22e2d0aa77469bd18a3fa2175ccfd6bf2bf495f6aec6e6b2e81c
2026-04-24T23:15:11.0622782Z Finalizing artifact upload
2026-04-24T23:15:11.2293940Z Artifact detection successfully finalized. Artifact ID 6635299260
2026-04-24T23:15:11.2295306Z Artifact detection has been successfully uploaded! Final size is 3074 bytes. Artifact ID is 6635299260
2026-04-24T23:15:11.2298585Z Artifact download URL: https://github.com/Azure/azure-sdk-for-js/actions/runs/24916026808/artifacts/6635299260
