2026-04-24T22:41:07.3652256Z ##[group]Run actions/upload-artifact@043fb46d1a93c77aae656e7c1c64a875d1fc6a0a
2026-04-24T22:41:07.3652653Z with:
2026-04-24T22:41:07.3652822Z   name: detection
2026-04-24T22:41:07.3653056Z   path: /tmp/gh-aw/threat-detection/detection.log
2026-04-24T22:41:07.3653340Z   if-no-files-found: ignore
2026-04-24T22:41:07.3653565Z   compression-level: 6
2026-04-24T22:41:07.3653769Z   overwrite: false
2026-04-24T22:41:07.3653969Z   include-hidden-files: false
2026-04-24T22:41:07.3654183Z   archive: true
2026-04-24T22:41:07.3654356Z env:
2026-04-24T22:41:07.3658466Z   GH_AW_MODEL_MULTIPLIERS: {
  "version": "1",
  "description": "Effective Tokens (ET) computation data per the gh-aw Effective Tokens Specification v0.2.0. Token class weights are applied first to normalize across token classes, then the per-model multiplier scales the result relative to the reference model.",
  "reference_model": "claude-sonnet-4.5",
  "token_class_weights": {
    "input": 1.0,
    "cached_input": 0.1,
    "output": 4.0,
    "reasoning": 4.0,
    "cache_write": 1.0
  },
  "multipliers": {
    "claude-haiku-4.5": 0.1,
    "claude-3-5-haiku": 0.1,
    "claude-3-haiku": 0.1,
    "claude-sonnet-4.5": 1.0,
    "claude-sonnet-4.6": 1.0,
    "claude-3-5-sonnet": 1.0,
    "claude-3-7-sonnet": 1.0,
    "claude-3-sonnet": 1.0,
    "claude-opus-4.5": 5.0,
    "claude-opus-4.6": 5.0,
    "claude-3-5-opus": 5.0,
    "claude-3-opus": 5.0,
    "gpt-4o": 1.0,
    "gpt-4o-mini": 0.1,
    "gpt-4.1": 1.0,
    "gpt-4.1-2025-04-14": 1.0,
    "gpt-41-copilot": 1.0,
    "gpt-4.1-mini": 0.1,
    "gpt-4.1-nano": 0.05,
    "gpt-4-turbo": 1.0,
    "gpt-4": 1.0,
    "gpt-5": 1.0,
    "gpt-5-mini": 0,
    "gpt-5.1": 1.0,
    "gpt-5.1-codex": 1.0,
    "gpt-5.1-codex-mini": 0.33,
    "gpt-5.1-codex-max": 1.0,
    "gpt-5.2": 1.0,
    "gpt-5.2-codex": 1.0,
    "gpt-5.3-codex": 1.0,
    "gpt-5.4": 1.0,
    "gpt-5.4-mini": 0.33,
    "o1": 3.0,
    "o1-mini": 0.5,
    "o1-pro": 10.0,
    "o3": 3.0,
    "o3-mini": 0.5,
    "o4-mini": 0.5,
    "gemini-2.5-pro": 1.0,
    "gemini-2.5-flash": 0.2,
    "gemini-2.0-flash": 0.1,
    "gemini-1.5-pro": 1.0,
    "gemini-1.5-flash": 0.1
  }
}
2026-04-24T22:41:07.3663470Z   GITHUB_AW_OTEL_TRACE_ID: e912b01af58799b8188d5804c6491285
2026-04-24T22:41:07.3663818Z   GITHUB_AW_OTEL_PARENT_SPAN_ID: 55ca349cd79ba219
2026-04-24T22:41:07.3664103Z   GITHUB_AW_OTEL_JOB_START_MS: 1777070428108
2026-04-24T22:41:07.3664392Z   GH_AW_PROMPT: /tmp/gh-aw/aw-prompts/prompt.txt
2026-04-24T22:41:07.3664652Z ##[endgroup]
2026-04-24T22:41:07.5027113Z With the provided path, there will be 1 file uploaded
2026-04-24T22:41:07.5032777Z Artifact name is valid!
2026-04-24T22:41:07.5033273Z Root directory input is valid!
2026-04-24T22:41:07.6133417Z Uploading artifact: detection.zip
2026-04-24T22:41:07.6176179Z Beginning upload of artifact content to blob storage
2026-04-24T22:41:07.6768033Z Uploaded bytes 2968
2026-04-24T22:41:07.6898564Z Finished uploading artifact content to blob storage!
2026-04-24T22:41:07.6900227Z SHA256 digest of uploaded artifact is cce0258690d668926c48776aefe4fea7c06dc2b33657c5174cd907c82593398f
2026-04-24T22:41:07.6901146Z Finalizing artifact upload
2026-04-24T22:41:07.8244667Z Artifact detection successfully finalized. Artifact ID 6634963640
2026-04-24T22:41:07.8245896Z Artifact detection has been successfully uploaded! Final size is 2968 bytes. Artifact ID is 6634963640
2026-04-24T22:41:07.8249688Z Artifact download URL: https://github.com/Azure/azure-sdk-for-net/actions/runs/24914989702/artifacts/6634963640
