2026-04-24T22:41:04.2820198Z ##[group]Run actions/download-artifact@3e5f45b2cfb9172054b4087a40e8e0b5a5461e7c
2026-04-24T22:41:04.2821412Z with:
2026-04-24T22:41:04.2821929Z   name: agent
2026-04-24T22:41:04.2822378Z   path: /tmp/gh-aw/
2026-04-24T22:41:04.2822835Z   merge-multiple: false
2026-04-24T22:41:04.2823328Z   repository: Azure/azure-sdk-for-js
2026-04-24T22:41:04.2823885Z   run-id: 24914992169
2026-04-24T22:41:04.2824319Z   skip-decompress: false
2026-04-24T22:41:04.2824815Z   digest-mismatch: error
2026-04-24T22:41:04.2825286Z env:
2026-04-24T22:41:04.2832135Z   GH_AW_MODEL_MULTIPLIERS: {
  "version": "1",
  "description": "Effective Tokens (ET) computation data per the gh-aw Effective Tokens Specification v0.2.0. Token class weights are applied first to normalize across token classes, then the per-model multiplier scales the result relative to the reference model.",
  "reference_model": "claude-sonnet-4.5",
  "token_class_weights": {
    "input": 1.0,
    "cached_input": 0.1,
    "output": 4.0,
    "reasoning": 4.0,
    "cache_write": 1.0
  },
  "multipliers": {
    "claude-haiku-4.5": 0.1,
    "claude-3-5-haiku": 0.1,
    "claude-3-haiku": 0.1,
    "claude-sonnet-4.5": 1.0,
    "claude-sonnet-4.6": 1.0,
    "claude-3-5-sonnet": 1.0,
    "claude-3-7-sonnet": 1.0,
    "claude-3-sonnet": 1.0,
    "claude-opus-4.5": 5.0,
    "claude-opus-4.6": 5.0,
    "claude-3-5-opus": 5.0,
    "claude-3-opus": 5.0,
    "gpt-4o": 1.0,
    "gpt-4o-mini": 0.1,
    "gpt-4.1": 1.0,
    "gpt-4.1-2025-04-14": 1.0,
    "gpt-41-copilot": 1.0,
    "gpt-4.1-mini": 0.1,
    "gpt-4.1-nano": 0.05,
    "gpt-4-turbo": 1.0,
    "gpt-4": 1.0,
    "gpt-5": 1.0,
    "gpt-5-mini": 0,
    "gpt-5.1": 1.0,
    "gpt-5.1-codex": 1.0,
    "gpt-5.1-codex-mini": 0.33,
    "gpt-5.1-codex-max": 1.0,
    "gpt-5.2": 1.0,
    "gpt-5.2-codex": 1.0,
    "gpt-5.3-codex": 1.0,
    "gpt-5.4": 1.0,
    "gpt-5.4-mini": 0.33,
    "o1": 3.0,
    "o1-mini": 0.5,
    "o1-pro": 10.0,
    "o3": 3.0,
    "o3-mini": 0.5,
    "o4-mini": 0.5,
    "gemini-2.5-pro": 1.0,
    "gemini-2.5-flash": 0.2,
    "gemini-2.0-flash": 0.1,
    "gemini-1.5-pro": 1.0,
    "gemini-1.5-flash": 0.1
  }
}
2026-04-24T22:41:04.2839998Z   GITHUB_AW_OTEL_TRACE_ID: 00c2e84cd6319bdc6b65a934df88f9b8
2026-04-24T22:41:04.2840734Z   GITHUB_AW_OTEL_PARENT_SPAN_ID: 1fdd24ea652738a8
2026-04-24T22:41:04.2841653Z   GITHUB_AW_OTEL_JOB_START_MS: 1777070464259
2026-04-24T22:41:04.2843692Z ##[endgroup]
2026-04-24T22:41:04.4978936Z Downloading single artifact
2026-04-24T22:41:04.6688706Z Preparing to download the following artifacts:
2026-04-24T22:41:04.6693125Z - agent (ID: 6634945074, Size: 114104, Expected Digest: sha256:4e5378e8250c94bf208d5b10c8019a4a8a875bad3736cadc4039e68f6bd4e6af)
2026-04-24T22:41:04.9216437Z Redirecting to blob download url: https://productionresultssa19.blob.core.windows.net/actions-results/b9fcd1a0-e818-4567-987f-17df08f9adfb/workflow-job-run-88e01dfa-85ad-5735-a4d3-1bd2d568ed06/artifacts/d4f0bc5a29de06b510f9aa428f1eedba926012b591fef7a518e776a7c9bd1824.zip
2026-04-24T22:41:04.9220067Z Starting download of artifact to: /tmp/gh-aw
2026-04-24T22:41:05.1162355Z (node:1018) [DEP0005] DeprecationWarning: Buffer() is deprecated due to security and usability issues. Please use the Buffer.alloc(), Buffer.allocUnsafe(), or Buffer.from() methods instead.
2026-04-24T22:41:05.1164617Z (Use `node --trace-deprecation ...` to show where the warning was created)
2026-04-24T22:41:05.2478259Z SHA256 digest of downloaded artifact is 4e5378e8250c94bf208d5b10c8019a4a8a875bad3736cadc4039e68f6bd4e6af
2026-04-24T22:41:05.2483144Z Artifact download completed successfully.
2026-04-24T22:41:05.2488038Z Total of 1 artifact(s) downloaded
2026-04-24T22:41:05.2497876Z Download artifact has finished successfully
