2026-04-24T22:40:15.7715859Z ##[group]Run actions/upload-artifact@043fb46d1a93c77aae656e7c1c64a875d1fc6a0a
2026-04-24T22:40:15.7716257Z with:
2026-04-24T22:40:15.7716425Z   name: detection
2026-04-24T22:40:15.7716659Z   path: /tmp/gh-aw/threat-detection/detection.log
2026-04-24T22:40:15.7716939Z   if-no-files-found: ignore
2026-04-24T22:40:15.7717156Z   compression-level: 6
2026-04-24T22:40:15.7717349Z   overwrite: false
2026-04-24T22:40:15.7717546Z   include-hidden-files: false
2026-04-24T22:40:15.7717754Z   archive: true
2026-04-24T22:40:15.7717935Z env:
2026-04-24T22:40:15.7722248Z   GH_AW_MODEL_MULTIPLIERS: {
  "version": "1",
  "description": "Effective Tokens (ET) computation data per the gh-aw Effective Tokens Specification v0.2.0. Token class weights are applied first to normalize across token classes, then the per-model multiplier scales the result relative to the reference model.",
  "reference_model": "claude-sonnet-4.5",
  "token_class_weights": {
    "input": 1.0,
    "cached_input": 0.1,
    "output": 4.0,
    "reasoning": 4.0,
    "cache_write": 1.0
  },
  "multipliers": {
    "claude-haiku-4.5": 0.1,
    "claude-3-5-haiku": 0.1,
    "claude-3-haiku": 0.1,
    "claude-sonnet-4.5": 1.0,
    "claude-sonnet-4.6": 1.0,
    "claude-3-5-sonnet": 1.0,
    "claude-3-7-sonnet": 1.0,
    "claude-3-sonnet": 1.0,
    "claude-opus-4.5": 5.0,
    "claude-opus-4.6": 5.0,
    "claude-3-5-opus": 5.0,
    "claude-3-opus": 5.0,
    "gpt-4o": 1.0,
    "gpt-4o-mini": 0.1,
    "gpt-4.1": 1.0,
    "gpt-4.1-2025-04-14": 1.0,
    "gpt-41-copilot": 1.0,
    "gpt-4.1-mini": 0.1,
    "gpt-4.1-nano": 0.05,
    "gpt-4-turbo": 1.0,
    "gpt-4": 1.0,
    "gpt-5": 1.0,
    "gpt-5-mini": 0,
    "gpt-5.1": 1.0,
    "gpt-5.1-codex": 1.0,
    "gpt-5.1-codex-mini": 0.33,
    "gpt-5.1-codex-max": 1.0,
    "gpt-5.2": 1.0,
    "gpt-5.2-codex": 1.0,
    "gpt-5.3-codex": 1.0,
    "gpt-5.4": 1.0,
    "gpt-5.4-mini": 0.33,
    "o1": 3.0,
    "o1-mini": 0.5,
    "o1-pro": 10.0,
    "o3": 3.0,
    "o3-mini": 0.5,
    "o4-mini": 0.5,
    "gemini-2.5-pro": 1.0,
    "gemini-2.5-flash": 0.2,
    "gemini-2.0-flash": 0.1,
    "gemini-1.5-pro": 1.0,
    "gemini-1.5-flash": 0.1
  }
}
2026-04-24T22:40:15.7726934Z   GITHUB_AW_OTEL_TRACE_ID: 00c2e84cd6319bdc6b65a934df88f9b8
2026-04-24T22:40:15.7727270Z   GITHUB_AW_OTEL_PARENT_SPAN_ID: 2e30d4bd16e0f190
2026-04-24T22:40:15.7727549Z   GITHUB_AW_OTEL_JOB_START_MS: 1777070375090
2026-04-24T22:40:15.7727836Z   GH_AW_PROMPT: /tmp/gh-aw/aw-prompts/prompt.txt
2026-04-24T22:40:15.7728095Z ##[endgroup]
2026-04-24T22:40:15.9234352Z With the provided path, there will be 1 file uploaded
2026-04-24T22:40:15.9238955Z Artifact name is valid!
2026-04-24T22:40:15.9239769Z Root directory input is valid!
2026-04-24T22:40:16.0685541Z Uploading artifact: detection.zip
2026-04-24T22:40:16.0728589Z Beginning upload of artifact content to blob storage
2026-04-24T22:40:16.2226595Z Uploaded bytes 3117
2026-04-24T22:40:16.2558545Z Finished uploading artifact content to blob storage!
2026-04-24T22:40:16.2559902Z SHA256 digest of uploaded artifact is d3dddb597e9b60d27f598d5c143d5db8e6e036a4c7f71160271e68cf9f7abc6e
2026-04-24T22:40:16.2560854Z Finalizing artifact upload
2026-04-24T22:40:16.4660498Z Artifact detection successfully finalized. Artifact ID 6634954814
2026-04-24T22:40:16.4661706Z Artifact detection has been successfully uploaded! Final size is 3117 bytes. Artifact ID is 6634954814
2026-04-24T22:40:16.4665327Z Artifact download URL: https://github.com/Azure/azure-sdk-for-js/actions/runs/24914992169/artifacts/6634954814
