2026-04-24T22:39:35.1090656Z ##[group]Run actions/download-artifact@3e5f45b2cfb9172054b4087a40e8e0b5a5461e7c
2026-04-24T22:39:35.1091132Z with:
2026-04-24T22:39:35.1091907Z   name: agent
2026-04-24T22:39:35.1092148Z   path: /tmp/gh-aw/
2026-04-24T22:39:35.1092395Z   merge-multiple: false
2026-04-24T22:39:35.1092668Z   repository: Azure/azure-sdk-for-js
2026-04-24T22:39:35.1092963Z   run-id: 24914992169
2026-04-24T22:39:35.1093227Z   skip-decompress: false
2026-04-24T22:39:35.1093501Z   digest-mismatch: error
2026-04-24T22:39:35.1093736Z env:
2026-04-24T22:39:35.1098289Z   GH_AW_MODEL_MULTIPLIERS: {
  "version": "1",
  "description": "Effective Tokens (ET) computation data per the gh-aw Effective Tokens Specification v0.2.0. Token class weights are applied first to normalize across token classes, then the per-model multiplier scales the result relative to the reference model.",
  "reference_model": "claude-sonnet-4.5",
  "token_class_weights": {
    "input": 1.0,
    "cached_input": 0.1,
    "output": 4.0,
    "reasoning": 4.0,
    "cache_write": 1.0
  },
  "multipliers": {
    "claude-haiku-4.5": 0.1,
    "claude-3-5-haiku": 0.1,
    "claude-3-haiku": 0.1,
    "claude-sonnet-4.5": 1.0,
    "claude-sonnet-4.6": 1.0,
    "claude-3-5-sonnet": 1.0,
    "claude-3-7-sonnet": 1.0,
    "claude-3-sonnet": 1.0,
    "claude-opus-4.5": 5.0,
    "claude-opus-4.6": 5.0,
    "claude-3-5-opus": 5.0,
    "claude-3-opus": 5.0,
    "gpt-4o": 1.0,
    "gpt-4o-mini": 0.1,
    "gpt-4.1": 1.0,
    "gpt-4.1-2025-04-14": 1.0,
    "gpt-41-copilot": 1.0,
    "gpt-4.1-mini": 0.1,
    "gpt-4.1-nano": 0.05,
    "gpt-4-turbo": 1.0,
    "gpt-4": 1.0,
    "gpt-5": 1.0,
    "gpt-5-mini": 0,
    "gpt-5.1": 1.0,
    "gpt-5.1-codex": 1.0,
    "gpt-5.1-codex-mini": 0.33,
    "gpt-5.1-codex-max": 1.0,
    "gpt-5.2": 1.0,
    "gpt-5.2-codex": 1.0,
    "gpt-5.3-codex": 1.0,
    "gpt-5.4": 1.0,
    "gpt-5.4-mini": 0.33,
    "o1": 3.0,
    "o1-mini": 0.5,
    "o1-pro": 10.0,
    "o3": 3.0,
    "o3-mini": 0.5,
    "o4-mini": 0.5,
    "gemini-2.5-pro": 1.0,
    "gemini-2.5-flash": 0.2,
    "gemini-2.0-flash": 0.1,
    "gemini-1.5-pro": 1.0,
    "gemini-1.5-flash": 0.1
  }
}
2026-04-24T22:39:35.1103767Z   GITHUB_AW_OTEL_TRACE_ID: 00c2e84cd6319bdc6b65a934df88f9b8
2026-04-24T22:39:35.1104189Z   GITHUB_AW_OTEL_PARENT_SPAN_ID: 2e30d4bd16e0f190
2026-04-24T22:39:35.1104527Z   GITHUB_AW_OTEL_JOB_START_MS: 1777070375090
2026-04-24T22:39:35.1104858Z ##[endgroup]
2026-04-24T22:39:35.2455578Z Downloading single artifact
2026-04-24T22:39:35.3684669Z Preparing to download the following artifacts:
2026-04-24T22:39:35.3685903Z - agent (ID: 6634945074, Size: 114104, Expected Digest: sha256:4e5378e8250c94bf208d5b10c8019a4a8a875bad3736cadc4039e68f6bd4e6af)
2026-04-24T22:39:35.5626653Z Redirecting to blob download url: https://productionresultssa19.blob.core.windows.net/actions-results/b9fcd1a0-e818-4567-987f-17df08f9adfb/workflow-job-run-88e01dfa-85ad-5735-a4d3-1bd2d568ed06/artifacts/d4f0bc5a29de06b510f9aa428f1eedba926012b591fef7a518e776a7c9bd1824.zip
2026-04-24T22:39:35.5629127Z Starting download of artifact to: /tmp/gh-aw
2026-04-24T22:39:35.6671792Z (node:3033) [DEP0005] DeprecationWarning: Buffer() is deprecated due to security and usability issues. Please use the Buffer.alloc(), Buffer.allocUnsafe(), or Buffer.from() methods instead.
2026-04-24T22:39:35.6674145Z (Use `node --trace-deprecation ...` to show where the warning was created)
2026-04-24T22:39:35.7304702Z SHA256 digest of downloaded artifact is 4e5378e8250c94bf208d5b10c8019a4a8a875bad3736cadc4039e68f6bd4e6af
2026-04-24T22:39:35.7305839Z Artifact download completed successfully.
2026-04-24T22:39:35.7306468Z Total of 1 artifact(s) downloaded
2026-04-24T22:39:35.7310360Z Download artifact has finished successfully
