2026-04-24T23:15:51.2028193Z ##[group]Run actions/download-artifact@3e5f45b2cfb9172054b4087a40e8e0b5a5461e7c
2026-04-24T23:15:51.2029220Z with:
2026-04-24T23:15:51.2030074Z   name: agent
2026-04-24T23:15:51.2030623Z   path: /tmp/gh-aw/
2026-04-24T23:15:51.2031172Z   merge-multiple: false
2026-04-24T23:15:51.2031774Z   repository: Azure/azure-sdk-for-js
2026-04-24T23:15:51.2032340Z   run-id: 24916026808
2026-04-24T23:15:51.2032902Z   skip-decompress: false
2026-04-24T23:15:51.2033416Z   digest-mismatch: error
2026-04-24T23:15:51.2033920Z env:
2026-04-24T23:15:51.2042377Z   GH_AW_MODEL_MULTIPLIERS: {
  "version": "1",
  "description": "Effective Tokens (ET) computation data per the gh-aw Effective Tokens Specification v0.2.0. Token class weights are applied first to normalize across token classes, then the per-model multiplier scales the result relative to the reference model.",
  "reference_model": "claude-sonnet-4.5",
  "token_class_weights": {
    "input": 1.0,
    "cached_input": 0.1,
    "output": 4.0,
    "reasoning": 4.0,
    "cache_write": 1.0
  },
  "multipliers": {
    "claude-haiku-4.5": 0.1,
    "claude-3-5-haiku": 0.1,
    "claude-3-haiku": 0.1,
    "claude-sonnet-4.5": 1.0,
    "claude-sonnet-4.6": 1.0,
    "claude-3-5-sonnet": 1.0,
    "claude-3-7-sonnet": 1.0,
    "claude-3-sonnet": 1.0,
    "claude-opus-4.5": 5.0,
    "claude-opus-4.6": 5.0,
    "claude-3-5-opus": 5.0,
    "claude-3-opus": 5.0,
    "gpt-4o": 1.0,
    "gpt-4o-mini": 0.1,
    "gpt-4.1": 1.0,
    "gpt-4.1-2025-04-14": 1.0,
    "gpt-41-copilot": 1.0,
    "gpt-4.1-mini": 0.1,
    "gpt-4.1-nano": 0.05,
    "gpt-4-turbo": 1.0,
    "gpt-4": 1.0,
    "gpt-5": 1.0,
    "gpt-5-mini": 0,
    "gpt-5.1": 1.0,
    "gpt-5.1-codex": 1.0,
    "gpt-5.1-codex-mini": 0.33,
    "gpt-5.1-codex-max": 1.0,
    "gpt-5.2": 1.0,
    "gpt-5.2-codex": 1.0,
    "gpt-5.3-codex": 1.0,
    "gpt-5.4": 1.0,
    "gpt-5.4-mini": 0.33,
    "o1": 3.0,
    "o1-mini": 0.5,
    "o1-pro": 10.0,
    "o3": 3.0,
    "o3-mini": 0.5,
    "o4-mini": 0.5,
    "gemini-2.5-pro": 1.0,
    "gemini-2.5-flash": 0.2,
    "gemini-2.0-flash": 0.1,
    "gemini-1.5-pro": 1.0,
    "gemini-1.5-flash": 0.1
  }
}
2026-04-24T23:15:51.2052063Z   GITHUB_AW_OTEL_TRACE_ID: 08e457404d61d3abfe031ef4fbbacb93
2026-04-24T23:15:51.2052828Z   GITHUB_AW_OTEL_PARENT_SPAN_ID: 3ab97e9bb5693fc1
2026-04-24T23:15:51.2053498Z   GITHUB_AW_OTEL_JOB_START_MS: 1777072551130
2026-04-24T23:15:51.2054169Z ##[endgroup]
2026-04-24T23:15:52.3982799Z (node:991) [DEP0005] DeprecationWarning: Buffer() is deprecated due to security and usability issues. Please use the Buffer.alloc(), Buffer.allocUnsafe(), or Buffer.from() methods instead.
2026-04-24T23:15:52.3984386Z Downloading single artifact
2026-04-24T23:15:52.3986773Z (Use `node --trace-deprecation ...` to show where the warning was created)
2026-04-24T23:15:52.3990706Z Preparing to download the following artifacts:
2026-04-24T23:15:52.3991939Z - agent (ID: 6635292488, Size: 113565, Expected Digest: sha256:c46750a8b57af191faac9d071d9df5113ec59362d2e57e137a194e63a3d664c8)
2026-04-24T23:15:52.4157303Z Redirecting to blob download url: https://productionresultssa15.blob.core.windows.net/actions-results/00e98ad7-1663-4a89-ba46-3392075c739d/workflow-job-run-2c6ccb01-b0a3-59c5-99b9-70de32e65ab9/artifacts/d4f0bc5a29de06b510f9aa428f1eedba926012b591fef7a518e776a7c9bd1824.zip
2026-04-24T23:15:52.4160397Z Starting download of artifact to: /tmp/gh-aw
2026-04-24T23:15:52.5573302Z SHA256 digest of downloaded artifact is c46750a8b57af191faac9d071d9df5113ec59362d2e57e137a194e63a3d664c8
2026-04-24T23:15:52.5574832Z Artifact download completed successfully.
2026-04-24T23:15:52.5575700Z Total of 1 artifact(s) downloaded
2026-04-24T23:15:52.5576563Z Download artifact has finished successfully
