2026-04-24T22:37:28.0546168Z ##[group]Run actions/upload-artifact@043fb46d1a93c77aae656e7c1c64a875d1fc6a0a
2026-04-24T22:37:28.0547530Z with:
2026-04-24T22:37:28.0548183Z   name: activation
2026-04-24T22:37:28.0549800Z   path: /tmp/gh-aw/aw_info.json
/tmp/gh-aw/aw-prompts/prompt.txt
/tmp/gh-aw/github_rate_limits.jsonl

2026-04-24T22:37:28.0551434Z   if-no-files-found: ignore
2026-04-24T22:37:28.0552251Z   retention-days: 1
2026-04-24T22:37:28.0552989Z   compression-level: 6
2026-04-24T22:37:28.0553742Z   overwrite: false
2026-04-24T22:37:28.0554498Z   include-hidden-files: false
2026-04-24T22:37:28.0555337Z   archive: true
2026-04-24T22:37:28.0556002Z env:
2026-04-24T22:37:28.0570069Z   GH_AW_MODEL_MULTIPLIERS: {
  "version": "1",
  "description": "Effective Tokens (ET) computation data per the gh-aw Effective Tokens Specification v0.2.0. Token class weights are applied first to normalize across token classes, then the per-model multiplier scales the result relative to the reference model.",
  "reference_model": "claude-sonnet-4.5",
  "token_class_weights": {
    "input": 1.0,
    "cached_input": 0.1,
    "output": 4.0,
    "reasoning": 4.0,
    "cache_write": 1.0
  },
  "multipliers": {
    "claude-haiku-4.5": 0.1,
    "claude-3-5-haiku": 0.1,
    "claude-3-haiku": 0.1,
    "claude-sonnet-4.5": 1.0,
    "claude-sonnet-4.6": 1.0,
    "claude-3-5-sonnet": 1.0,
    "claude-3-7-sonnet": 1.0,
    "claude-3-sonnet": 1.0,
    "claude-opus-4.5": 5.0,
    "claude-opus-4.6": 5.0,
    "claude-3-5-opus": 5.0,
    "claude-3-opus": 5.0,
    "gpt-4o": 1.0,
    "gpt-4o-mini": 0.1,
    "gpt-4.1": 1.0,
    "gpt-4.1-2025-04-14": 1.0,
    "gpt-41-copilot": 1.0,
    "gpt-4.1-mini": 0.1,
    "gpt-4.1-nano": 0.05,
    "gpt-4-turbo": 1.0,
    "gpt-4": 1.0,
    "gpt-5": 1.0,
    "gpt-5-mini": 0,
    "gpt-5.1": 1.0,
    "gpt-5.1-codex": 1.0,
    "gpt-5.1-codex-mini": 0.33,
    "gpt-5.1-codex-max": 1.0,
    "gpt-5.2": 1.0,
    "gpt-5.2-codex": 1.0,
    "gpt-5.3-codex": 1.0,
    "gpt-5.4": 1.0,
    "gpt-5.4-mini": 0.33,
    "o1": 3.0,
    "o1-mini": 0.5,
    "o1-pro": 10.0,
    "o3": 3.0,
    "o3-mini": 0.5,
    "o4-mini": 0.5,
    "gemini-2.5-pro": 1.0,
    "gemini-2.5-flash": 0.2,
    "gemini-2.0-flash": 0.1,
    "gemini-1.5-pro": 1.0,
    "gemini-1.5-flash": 0.1
  }
}
2026-04-24T22:37:28.0585357Z   GITHUB_AW_OTEL_TRACE_ID: 00c2e84cd6319bdc6b65a934df88f9b8
2026-04-24T22:37:28.0586573Z   GITHUB_AW_OTEL_PARENT_SPAN_ID: f6cbf01b8fc1c881
2026-04-24T22:37:28.0587646Z   GITHUB_AW_OTEL_JOB_START_MS: 1777070242564
2026-04-24T22:37:28.0588564Z ##[endgroup]
2026-04-24T22:37:28.7750129Z Multiple search paths detected. Calculating the least common ancestor of all paths
2026-04-24T22:37:28.7753524Z The least common ancestor is /tmp/gh-aw. This will be the root directory of the artifact
2026-04-24T22:37:28.7755119Z With the provided path, there will be 3 files uploaded
2026-04-24T22:37:28.7757090Z Artifact name is valid!
2026-04-24T22:37:28.7757922Z Root directory input is valid!
2026-04-24T22:37:28.7766149Z Uploading artifact: activation.zip
2026-04-24T22:37:28.7767964Z Beginning upload of artifact content to blob storage
2026-04-24T22:37:28.7992209Z Uploaded bytes 9915
2026-04-24T22:37:28.8658533Z Finished uploading artifact content to blob storage!
2026-04-24T22:37:28.8663833Z SHA256 digest of uploaded artifact is 7cab06d9ad8a265e31026851483949aa3dfa2778be611622917495ecb22c27c2
2026-04-24T22:37:28.8667145Z Finalizing artifact upload
2026-04-24T22:37:29.2673173Z Artifact activation successfully finalized. Artifact ID 6634925348
2026-04-24T22:37:29.2675217Z Artifact activation has been successfully uploaded! Final size is 9915 bytes. Artifact ID is 6634925348
2026-04-24T22:37:29.2677614Z Artifact download URL: https://github.com/Azure/azure-sdk-for-js/actions/runs/24914992169/artifacts/6634925348
