2026-04-24T21:18:00.5121163Z ##[group]Run actions/upload-artifact@043fb46d1a93c77aae656e7c1c64a875d1fc6a0a
2026-04-24T21:18:00.5121587Z with:
2026-04-24T21:18:00.5121760Z   name: detection
2026-04-24T21:18:00.5122000Z   path: /tmp/gh-aw/threat-detection/detection.log
2026-04-24T21:18:00.5122799Z   if-no-files-found: ignore
2026-04-24T21:18:00.5123039Z   compression-level: 6
2026-04-24T21:18:00.5123246Z   overwrite: false
2026-04-24T21:18:00.5123450Z   include-hidden-files: false
2026-04-24T21:18:00.5123669Z   archive: true
2026-04-24T21:18:00.5124053Z env:
2026-04-24T21:18:00.5128461Z   GH_AW_MODEL_MULTIPLIERS: {
  "version": "1",
  "description": "Effective Tokens (ET) computation data per the gh-aw Effective Tokens Specification v0.2.0. Token class weights are applied first to normalize across token classes, then the per-model multiplier scales the result relative to the reference model.",
  "reference_model": "claude-sonnet-4.5",
  "token_class_weights": {
    "input": 1.0,
    "cached_input": 0.1,
    "output": 4.0,
    "reasoning": 4.0,
    "cache_write": 1.0
  },
  "multipliers": {
    "claude-haiku-4.5": 0.1,
    "claude-3-5-haiku": 0.1,
    "claude-3-haiku": 0.1,
    "claude-sonnet-4.5": 1.0,
    "claude-sonnet-4.6": 1.0,
    "claude-3-5-sonnet": 1.0,
    "claude-3-7-sonnet": 1.0,
    "claude-3-sonnet": 1.0,
    "claude-opus-4.5": 5.0,
    "claude-opus-4.6": 5.0,
    "claude-3-5-opus": 5.0,
    "claude-3-opus": 5.0,
    "gpt-4o": 1.0,
    "gpt-4o-mini": 0.1,
    "gpt-4.1": 1.0,
    "gpt-4.1-2025-04-14": 1.0,
    "gpt-41-copilot": 1.0,
    "gpt-4.1-mini": 0.1,
    "gpt-4.1-nano": 0.05,
    "gpt-4-turbo": 1.0,
    "gpt-4": 1.0,
    "gpt-5": 1.0,
    "gpt-5-mini": 0,
    "gpt-5.1": 1.0,
    "gpt-5.1-codex": 1.0,
    "gpt-5.1-codex-mini": 0.33,
    "gpt-5.1-codex-max": 1.0,
    "gpt-5.2": 1.0,
    "gpt-5.2-codex": 1.0,
    "gpt-5.3-codex": 1.0,
    "gpt-5.4": 1.0,
    "gpt-5.4-mini": 0.33,
    "o1": 3.0,
    "o1-mini": 0.5,
    "o1-pro": 10.0,
    "o3": 3.0,
    "o3-mini": 0.5,
    "o4-mini": 0.5,
    "gemini-2.5-pro": 1.0,
    "gemini-2.5-flash": 0.2,
    "gemini-2.0-flash": 0.1,
    "gemini-1.5-pro": 1.0,
    "gemini-1.5-flash": 0.1
  }
}
2026-04-24T21:18:00.5133420Z   GITHUB_AW_OTEL_TRACE_ID: b1b41ae53d3acfe02d2e47bc77e5def9
2026-04-24T21:18:00.5133780Z   GITHUB_AW_OTEL_PARENT_SPAN_ID: bd0c1766584e7cde
2026-04-24T21:18:00.5134086Z   GITHUB_AW_OTEL_JOB_START_MS: 1777065424796
2026-04-24T21:18:00.5134398Z   GH_AW_PROMPT: /tmp/gh-aw/aw-prompts/prompt.txt
2026-04-24T21:18:00.5134682Z ##[endgroup]
2026-04-24T21:18:00.6614804Z With the provided path, there will be 1 file uploaded
2026-04-24T21:18:00.6620814Z Artifact name is valid!
2026-04-24T21:18:00.6622430Z Root directory input is valid!
2026-04-24T21:18:00.8770047Z Uploading artifact: detection.zip
2026-04-24T21:18:00.8812405Z Beginning upload of artifact content to blob storage
2026-04-24T21:18:01.1087493Z Uploaded bytes 3382
2026-04-24T21:18:01.1645049Z Finished uploading artifact content to blob storage!
2026-04-24T21:18:01.1646169Z SHA256 digest of uploaded artifact is 1affe0924fb26e66763e110810a4453084afc56c82e877445a10a4506ea818dd
2026-04-24T21:18:01.1646834Z Finalizing artifact upload
2026-04-24T21:18:01.4122147Z Artifact detection successfully finalized. Artifact ID 6633913136
2026-04-24T21:18:01.4123476Z Artifact detection has been successfully uploaded! Final size is 3382 bytes. Artifact ID is 6633913136
2026-04-24T21:18:01.4127511Z Artifact download URL: https://github.com/Azure/azure-sdk-for-net/actions/runs/24912107694/artifacts/6633913136
