2026-04-24T21:17:04.8150217Z ##[group]Run actions/download-artifact@3e5f45b2cfb9172054b4087a40e8e0b5a5461e7c
2026-04-24T21:17:04.8150681Z with:
2026-04-24T21:17:04.8151058Z   name: agent
2026-04-24T21:17:04.8151242Z   path: /tmp/gh-aw/
2026-04-24T21:17:04.8151447Z   merge-multiple: false
2026-04-24T21:17:04.8151673Z   repository: Azure/azure-sdk-for-net
2026-04-24T21:17:04.8151937Z   run-id: 24912107694
2026-04-24T21:17:04.8152411Z   skip-decompress: false
2026-04-24T21:17:04.8152633Z   digest-mismatch: error
2026-04-24T21:17:04.8152822Z env:
2026-04-24T21:17:04.8157194Z   GH_AW_MODEL_MULTIPLIERS: {
  "version": "1",
  "description": "Effective Tokens (ET) computation data per the gh-aw Effective Tokens Specification v0.2.0. Token class weights are applied first to normalize across token classes, then the per-model multiplier scales the result relative to the reference model.",
  "reference_model": "claude-sonnet-4.5",
  "token_class_weights": {
    "input": 1.0,
    "cached_input": 0.1,
    "output": 4.0,
    "reasoning": 4.0,
    "cache_write": 1.0
  },
  "multipliers": {
    "claude-haiku-4.5": 0.1,
    "claude-3-5-haiku": 0.1,
    "claude-3-haiku": 0.1,
    "claude-sonnet-4.5": 1.0,
    "claude-sonnet-4.6": 1.0,
    "claude-3-5-sonnet": 1.0,
    "claude-3-7-sonnet": 1.0,
    "claude-3-sonnet": 1.0,
    "claude-opus-4.5": 5.0,
    "claude-opus-4.6": 5.0,
    "claude-3-5-opus": 5.0,
    "claude-3-opus": 5.0,
    "gpt-4o": 1.0,
    "gpt-4o-mini": 0.1,
    "gpt-4.1": 1.0,
    "gpt-4.1-2025-04-14": 1.0,
    "gpt-41-copilot": 1.0,
    "gpt-4.1-mini": 0.1,
    "gpt-4.1-nano": 0.05,
    "gpt-4-turbo": 1.0,
    "gpt-4": 1.0,
    "gpt-5": 1.0,
    "gpt-5-mini": 0,
    "gpt-5.1": 1.0,
    "gpt-5.1-codex": 1.0,
    "gpt-5.1-codex-mini": 0.33,
    "gpt-5.1-codex-max": 1.0,
    "gpt-5.2": 1.0,
    "gpt-5.2-codex": 1.0,
    "gpt-5.3-codex": 1.0,
    "gpt-5.4": 1.0,
    "gpt-5.4-mini": 0.33,
    "o1": 3.0,
    "o1-mini": 0.5,
    "o1-pro": 10.0,
    "o3": 3.0,
    "o3-mini": 0.5,
    "o4-mini": 0.5,
    "gemini-2.5-pro": 1.0,
    "gemini-2.5-flash": 0.2,
    "gemini-2.0-flash": 0.1,
    "gemini-1.5-pro": 1.0,
    "gemini-1.5-flash": 0.1
  }
}
2026-04-24T21:17:04.8162249Z   GITHUB_AW_OTEL_TRACE_ID: b1b41ae53d3acfe02d2e47bc77e5def9
2026-04-24T21:17:04.8162611Z   GITHUB_AW_OTEL_PARENT_SPAN_ID: bd0c1766584e7cde
2026-04-24T21:17:04.8162913Z   GITHUB_AW_OTEL_JOB_START_MS: 1777065424796
2026-04-24T21:17:04.8163163Z ##[endgroup]
2026-04-24T21:17:04.9563839Z Downloading single artifact
2026-04-24T21:17:05.1306051Z Preparing to download the following artifacts:
2026-04-24T21:17:05.1307179Z - agent (ID: 6633894932, Size: 206598, Expected Digest: sha256:ab8f84ebe89299b2264014a77b5fb06e417116d2761cc82a1d5bb35affc47b23)
2026-04-24T21:17:05.4961135Z Redirecting to blob download url: https://productionresultssa1.blob.core.windows.net/actions-results/2bf7be82-bf05-4d4f-9939-dcff73f963e7/workflow-job-run-75d91e95-0ba0-547b-9853-7f2cc6111672/artifacts/d4f0bc5a29de06b510f9aa428f1eedba926012b591fef7a518e776a7c9bd1824.zip
2026-04-24T21:17:05.4963565Z Starting download of artifact to: /tmp/gh-aw
2026-04-24T21:17:05.7372755Z (node:3032) [DEP0005] DeprecationWarning: Buffer() is deprecated due to security and usability issues. Please use the Buffer.alloc(), Buffer.allocUnsafe(), or Buffer.from() methods instead.
2026-04-24T21:17:05.9065124Z (Use `node --trace-deprecation ...` to show where the warning was created)
2026-04-24T21:17:05.9066337Z SHA256 digest of downloaded artifact is ab8f84ebe89299b2264014a77b5fb06e417116d2761cc82a1d5bb35affc47b23
2026-04-24T21:17:05.9067513Z Artifact download completed successfully.
2026-04-24T21:17:05.9068213Z Total of 1 artifact(s) downloaded
2026-04-24T21:17:05.9070669Z Download artifact has finished successfully
